 x [m], y [m], z [m], roll [deg], pitch [deg], yaw [deg], speed [m/s]
9.48193711184231,-34.86721680359403,0.0029667535057737895,3.9300000000000006,-1.22,124.32105280346484,0.6902957302952376
9.397460589968146,-34.752306654315646,0.006045847395987514,3.8499999999999996,-1.24,125.99824487743871,0.6404461508473295
9.320319664117232,-34.65830231031687,0.008634747622746956,3.8499999999999996,-1.12,128.21102542556122,0.5572238892912417
9.236916849744047,-34.550387556908554,0.011293351268190647,3.77,-0.99,126.02737338510362,0.6592443900628185
9.163560975967732,-34.45021347940664,0.013440612623666937,3.7000000000000006,-0.9,124.84094400415319,0.6439386886877577
9.08932550125287,-34.34720876172268,0.015387939917511756,3.7000000000000006,-0.7,123.81824578980331,0.5648123285192443
9.0023987451936,-34.24007983231191,0.01707144972519233,3.5900000000000003,-0.55,127.03621293928123,0.6693691774829001
8.92982801363024,-34.137078939659844,0.018272304690678913,3.5900000000000003,-0.49000000000000005,124.5792876032055,0.5635438899369271
8.851042642465595,-34.03286237648833,0.019390919247993795,3.56,-0.46,126.6070748126075,0.682215606239461
8.776948303803724,-33.925248681850135,0.020413055154485715,3.6600000000000006,-0.38,124.43898930880361,0.5335883530844376
8.700519059841675,-33.815114518977424,0.021291239915784525,3.7800000000000002,-0.44,126.09099998805837,0.7319652470421065
8.627875169675196,-33.71016073256006,0.022288405864083052,3.74,-0.53,125.28120779717439,0.6332509482101933
8.559634393357015,-33.60642614993616,0.023469091403859544,3.73,-0.7500000000000001,125.4333140102856,0.5381479923424994
8.475822742697806,-33.494258652739816,0.02535417495730512,3.6600000000000006,-0.91,127.66562119858328,0.7093977866927764
8.417393327559846,-33.40113398030086,0.027152121398304665,3.55,-0.9699999999999999,122.0053832080835,0.4824245570776157
8.352178609655926,-33.30404484962541,0.02911039171587458,3.63,-1.0,124.78913230892209,0.5558646444179628
8.278299208519948,-33.193384732941645,0.03135151447635775,3.77,-0.89,123.56631873457331,0.7139124411983887
8.202178609655926,-33.08699260258944,0.03336778992408622,3.9,-1.0,127.48785589694725,0.6067828837665435
8.144460589968146,-32.997523225945486,0.035295155182036624,3.8799999999999994,-1.24,125.41705527646745,0.4881030852534264
8.085359060912047,-32.8861047024146,0.038149144861180685,3.8200000000000003,-1.58,121.03826335550282,0.6151892323983084
8.020041025753251,-32.79395211838368,0.041464870391188034,3.7499999999999996,-1.95,128.58539819266028,0.6043905073072735
7.959657424488024,-32.70543595671266,0.04514753532290224,3.77,-2.05,125.59921995897615,0.5167910676156942
7.886041025753251,-32.60564671802161,0.049505510755309456,3.8,-1.95,125.64702074990674,0.5342368700824425
7.804022731724877,-32.51637283497727,0.05348787392236958,3.81,-1.72,130.49509313639302,0.642159428981428
7.711292731842598,-32.40252598522348,0.05765425415226393,3.8799999999999994,-1.31,126.20945681718605,0.6331597008200601
7.620225641249242,-32.286904769764085,0.060873227807849956,3.9799999999999995,-1.04,126.62574097240096,0.7020436910959043
7.483628399642201,-32.08655943254969,0.06527462227265782,4.07,-1.17,125.26301172959725,0.5989183199316307
7.420292731842599,-31.99682613454664,0.06756564112480225,4.06,-1.31,126.66563548264214,0.5007362010137909
7.341835658699264,-31.889837739196707,0.07068977403364685,4.06,-1.5600000000000003,128.46336635120292,0.7232539583759591
